4208
4208
4208
4208
723
4485
4485
4485
4485
4485
4485
4485
4485
4485
4485
4485
4485
4485
4485
4485
4485
4485
1141
1141
1141
1141
1141
1141
1141
1141
1141
1141
1141
1141
1141
1141
1141
1141
1141
2551
117
3
3
3
3
919
919
919
919
919
919
2595
2590
2590
2590
2590
2590
2590
2590
2590
2590
2590
2590
2590
3735
3735
3735
3735
3735
3735
3735
3735
3735
3735
3735
3735
3735
3735
3735
3735
3735
3735
2397
2397
2397
2397
2397
2397
2397
2397
2397
2397
2397
2397
2397
2397
2397
2397
2397
2397
2397
2397
2397
2397
2397
2397
2397
2397
2397
2397
2397
2397
2397
2397
2397
2397
2397
2397
2397
2397
2397
2397
3517
4828
2709
2709
2709
2709
2709
2709
4398
4398
4398
4398
4398
4398
4398
4398
4398
4398
4398
4398
4398
4398
1312
1312
1312
1312
3812
3812
3812
4655
4655
4655
1761
1761
1761
1761
1761
1761
1761
1761
2739
2739
2739
2739
2739
2739
2739
2739
2739
2739
2739
2739
2739
2739
2739
2739
2739
2739
2739
2739
2739
2739
2739
2739
2739
2739
4844
4844
4844
4844
4844
4844
4844
4844
4844
4844
4844
4844
2472
2472
2472
2472
2472
2472
2472
2472
2472
2472
2472
2472
2472
2472
1493
4206
4206
4206
4206
4206
4206
4206
4206
4206
4206
4206
4206
4206
4206
4206
4206
2158
1169
1169
1169
1169
1169
1169
1169
1169
1169
1169
1169
1169
1169
1169
1169
1169
4516
232
232
232
232
1603
1603
1603
1603
1603
1603
1603
1603
1603
1603
1603
1603
1603
1603
1603
1603
3596
125
125
125
125
1296
1296
1296
1296
1976
1976
1976
4481
4481
4481
4481
4481
4481
4481
4481
4481
4481
4481
4481
4481
4481
4481
4481
4481
4481
3345
918
918
918
918
1646
3287
3287
3287
3287
3287
3287
3287
3287
3287
3287
3287
3287
3287
3287
3287
3287
3287
3287
3287
3287
3287
3287
3287
3287
3287
3287
3287
3287
4123
525
55
55
55
55
55
55
55
55
55
55
55
55
55
55
638
2766
3644
3644
3644
3644
2878
2878
2878
2878
2878
2878
2878
1753
1753
1753
1968
1968
1968
1968
4351
4351
4351
4351
3117
3117
3117
3117
3117
3117
3117
3117
3117
3117
3117
2393
2393
2393
2393
2393
2393
2393
523
523
523
3122
1969
1969
1969
1969
1969
1969
1969
1969
1969
1969
1969
1969
1969
1969
671
671
671
671
671
671
671
671
671
671
671
671
666
666
666
666
4338
4338
4338
4338
4338
4338
4338
4338
4338
4338
4338
4338
4338
4338
4338
4338
4338
4338
4338
4338
4338
4338
4338
4338
3266
3266
3266
3266
3266
3266
3266
3266
3266
3266
3266
3266
3266
3266
3266
3266
3266
3266
3266
3266
3266
3266
3266
3266
3266
3266
3266
3266
3266
3266
3266
3266
3266
3266
3266
3266
3266
3266
3266
3266
3266
3266
3266
3266
3266
3266
3266
3266
3266
3266
3266
3266
3266
3266
3266
3266
3266
3266
3266
899
4850
4850
4850
760
760
760
760
760
760
760
760
760
760
760
760
760
760
760
760
1906
